,x1,x2,y
0,0.0,7,0.8952243206975926
1,0.5403023058681398,4,0.15084917392450192
2,-3.3291746923771393,-17,0.1031660342307158
3,-26.729797408212026,-74,0.8066907771186791
4,-41.833191735271164,-185,0.515279828513122
5,35.45777318290328,-368,0.8047507041175366
6,207.39678191647906,-641,0.5817728493463981
7,258.58847323975345,-1022,0.012645383057312776
8,-74.49601731001013,-1529,0.9301142960469185
9,-664.2139609139294,-2180,0.5471577208293464
10,-839.0715290764524,-2993,0.5810812711385618
11,5.890604022095595,-3986,0.8382225438801587
12,1458.1796406897465,-5177,0.19720388305499637
13,1993.660578846081,-6584,0.15671266526774386
14,375.20692676229544,-8225,0.9087122147426576
15,-2563.946705898522,-10118,0.20166232724142918
16,-3922.5732314045836,-12281,0.5367846402833689
17,-1351.8774798474958,-14732,0.4890554286237566
18,3850.9670424794754,-17489,0.9075594139842077
19,6781.524976142364,-20570,0.8920281159059834
20,3264.656494507136,-23993,0.7687554511242396
21,-5072.5206789369495,-27776,0.012522874235589287
22,-10647.582879450096,-31937,0.06220868694845705
23,-6482.979358396447,-36494,0.5579348832279055
24,5863.850597426646,-41465,0.006294079392866747
25,15487.543935366775,-46868,0.4424668804376899
26,11370.254009248183,-52721,0.9420530630346654
27,-5750.168172308097,-59042,0.15227218253210772
28,-21131.123977315416,-65849,0.512740645124874
29,-18244.375091585032,-73160,0.34117973815918223
30,4164.789146964769,-80993,0.708654176769902
31,27251.08958135479,-89366,0.9783874427742963
32,27335.831077077328,-98297,0.6630713199053564
33,-477.1264649550885,-107804,0.13949889672552263
34,-33352.20608013412,-117905,0.12036100072016287
35,-38745.80329329835,-128618,0.4284296263357489
36,-5970.273903256192,-139961,0.3931460257849626
37,38770.51797318748,-151952,0.1786246200264221
38,52406.80099616317,-164609,0.8560140454338918
39,15816.992104659117,-177950,0.25958539414030946
40,-42684.03594574476,-191993,0.87293637795218
41,-68048.41034621964,-206756,0.5998864063101795
42,-29634.11201685697,-222257,0.8152535370070116
43,44135.393264000384,-238514,0.627694276531593
44,85170.65240384493,-255545,0.318702599187738
45,47869.96623101562,-273368,0.489341418547274
46,-42066.47244330478,-292001,0.6429752058976925
47,-103027.24541365687,-311462,0.5268261165177671
48,-70794.84279057774,-331769,0.5527470536554793
49,35364.41217889516,-352940,0.3124326563957738
50,120620.75356151417,-374993,0.7969791641808628
51,98447.49636154507,-397946,0.6284239321225489
52,-22917.807706122556,-421817,0.2555036058371224
53,-136711.18636290162,-446624,0.18040218806342756
54,-130586.44352196308,-472385,0.23994631094676044
55,3681.3390730828855,-499118,0.9641122650356619
56,149839.1024378093,-526841,0.9804677682684365
57,166649.0372869059,-555572,0.07993113429500853
58,23253.474587690027,-585329,0.08891857762754873
59,-158363.6851145561,-616130,0.04179884344356888
60,-205721.20376967377,-647993,0.3870748781876119
61,-58584.167426903885,-680936,0.5151486300984894
62,160515.61498225565,-714977,0.9763206347306579
63,246520.4825349718,-750134,0.6583563951208635
64,102723.02181372396,-786425,0.8441440424119311
65,-154463.888896283,-823868,0.9033830751175839
66,-287394.64500050177,-862481,0.33332128234458225
67,-155725.9982940909,-902282,0.8128554388613614
68,138395.05084947508,-943289,0.13268434803958418
69,326337.68025218375,-985520,0.9087992378044009
70,217228.48665860086,-1028993,0.034396343822000075
71,-110602.63366064652,-1073726,0.15554518322845257
72,-361024.34757205006,-1119737,0.9776307281910188
73,-286391.48266663577,-1167044,0.6335499210684468
74,69583.98812603501,-1215665,0.17770117251756323
75,388863.8169151286,-1265618,0.13103038643930098
76,361861.6704042713,-1316921,0.1649094869614871
77,-14141.124161347443,-1369592,0.38162582286805424
78,-407072.1735055955,-1423649,0.5091637705911832
79,-441748.6196348697,-1479110,0.49892489656573946
80,-56518.26884559235,-1535993,0.2784656705978795
81,412762.7749715577,-1594316,0.9178012307281732
82,523621.8929261021,-1654097,0.8041467107838368
83,142683.79543562108,-1715354,0.34218337081933925
84,-403052.645928598,-1778105,0.6136646730649481
85,-604530.306124366,-1842368,0.7654353353054232
86,-244053.698100953,-1908161,0.9779888798045828
87,375182.3043647107,-1975502,0.9009581390035697
88,681044.910386284,-2044409,0.17342223396967693
89,359659.00119548343,-2114900,0.7502581093555446
90,-326645.666158165,-2186993,0.4172804345518687
91,-749326.4818991257,-2260706,0.6527210972776395
92,-487804.7742544061,-2336057,0.397855781819466
93,255325.99806828267,-2413064,0.5244209302746318
94,805217.438606225,-2491745,0.6302376084049456
95,626032.5568579335,-2572118,0.1810402125899364
96,-159633.31398399646,-2654201,0.38571021369814473
97,-844357.1776680589,-2738012,0.5372297439019192
98,-771107.5421623591,-2823569,0.6922279221306396
99,38638.16042458228,-2910890,0.6838802126851206
100,862318.8722876839,-2999993,0.867640322148589
101,919033.5093476112,-3090896,0.13518497364283089
102,107803.56144848414,-3183617,0.8472085284182298
103,-854764.8136136784,-3278174,0.306189784107164
104,-1065097.738045652,-3374585,0.6927672017689005
105,-278940.2193720577,-3472868,0.18113896503303828
106,817616.4659150325,-3573041,0.32910050030657967
107,1203947.247522523,-3675122,0.40961550868613217
108,473033.94642227836,-3779129,0.02466034681684548
109,-747234.5547943122,-3885080,0.6005703658716389
110,-1329696.7025217966,-3992993,0.8269934869151218
111,-687295.1897371224,-4102886,0.8979142978065339
112,640603.7619686879,-4214777,0.6637082472702251
113,1436067.2435977901,-4328684,0.9261322230983449
114,917847.046413422,-4444625,0.13707094825841237
115,-495515.9875139131,-4562618,0.3783029928494398
116,-1516554.3639837347,-4682681,0.8628077697619834
117,-1159723.483499036,-4804832,0.26020964509049826
118,310745.6900705356,-4929089,0.2419009032964653
119,1564621.8023853411,-5055470,0.12745077100047575
120,1406904.7170698987,-5183993,0.5096623680866702
121,-86210.55217823383,-5314676,0.6209434984838255
122,-1573917.288752556,-5447537,0.4789264345350326
123,-1652392.035488953,-5582594,0.16787978761427325
124,-176889.33831481056,-5719865,0.45934261386669195
125,1538504.906531708,-5859368,0.055387756222414986
126,1888323.2163409495,-6001121,0.6797241466340951
127,475960.4344928168,-6145142,0.9013862214154436
128,-1453107.858731518,-6291449,0.579571611844854
129,-2106128.433310692,-6440060,0.7451330612497393
130,-806939.0530089681,-6590993,0.31435694749837795
131,1313354.5838640393,-6744266,0.601224610967229
132,2296725.2117296616,-6899897,0.3391002948030323
133,1164254.6959932654,-7057904,0.6944185664187381
134,-1116020.4966599639,-7218305,0.3394044470544383
135,-2450749.607385493,-7381118,0.4071629845196396
136,-1540838.1443299006,-7546361,0.29164351650075937
137,859257.1591237545,-7714052,0.03705169202291225
138,2558819.393654433,-7884209,0.6339761025252603
139,1928178.0320658903,-8056850,0.9870589976146652
140,-542800.447067712,-8231993,0.413279279756947
141,-2611823.6906090323,-8409656,0.7676266053747297
142,-2316428.3584613525,-8589857,0.02083580819756703
143,168149.28714358647,-8772614,0.5654983585136352
144,2601232.201124161,-8957945,0.6580940180602012
145,2694567.9776720763,-9145868,0.6810283433453583
146,261293.18562402934,-9336401,0.6970515984255301
147,-2519416.077619959,-9529562,0.9299920699405227
148,-3050611.560400206,-9725369,0.26765849177443435
149,-740123.6522600539,-9923840,0.34510896756873244
150,2359971.471864516,-10124993,0.5616369867095495
151,3371869.886948821,-10328846,0.8255474228785143
152,1260894.5990585166,-10535417,0.8129200374588254
153,-2118036.059228578,-10744724,0.6215520305613335
154,-3645255.6516861953,-10956785,0.11849962524898272
155,-1814127.9714989183,-11171618,0.8355526309761223
156,1790588.313712963,-11389241,0.28776423589675704
157,3857629.283393557,-11609672,0.23632420884099992
158,2388390.8636456835,-11832929,0.5736557646222824
159,-1376719.07122185,-12059030,0.1164079709134791
160,-3996177.665209292,-12287993,0.8348025114248011
161,-2970436.063974208,-12519836,0.09487032000529949
162,877864.9795321255,-12754577,0.039605078726012155
163,4048817.123818379,-12992234,0.125812251660111
164,3545408.541359362,-13232825,0.48625433936494655
165,-297993.8101366638,-13476368,0.3138465242073243
166,-4004610.7016657838,-13722881,0.5435475705130425
167,-4097117.0710682496,-13972382,0.4396985612407571
168,-356267.6929585404,-14224889,0.8909506747292645
169,3854188.577835099,-14480420,0.7130127970375914
170,4608368.217162816,-14738993,0.4883223170853247
171,1075571.7310224148,-15000626,0.05644135683334883
172,-3590159.608870889,-15265337,0.7924037409591391
173,-5061357.857280173,-15533144,0.26741939999003583
174,-1847860.1068444175,-15804065,0.4231901927962166
175,3207501.3612786904,-16078118,0.8077492911891536
176,5438113.414985481,-16355321,0.3688603702032076
177,2658452.9701715074,-16635692,0.02049074814058549
178,-2703915.737334658,-16919249,0.018093790231674234
179,-5720978.013134576,-17206010,0.41184850238042336
180,-3490219.1227454282,-17495993,0.04959309739302309
181,2080137.3820845976,-17789216,0.3148954730769189
182,5893125.939396731,-18085697,0.04999203353781001
183,4323829.253171666,-18385454,0.486496171394747
184,-1340182.5200667358,-18688505,0.9014383085151747
185,-5939097.182155273,-18994868,0.73299382120651
186,-5138091.199503411,-19304561,0.44958699312528516
187,491526.71363202744,-19617602,0.425668136225009
188,5845337.409005128,-19934009,0.6552184893522823
189,5910363.947971938,-20253800,0.5090531692060971
190,454798.7414343876,-20576993,0.8130346500144247
191,-5600728.6745372685,-20903606,0.8896310891668484
192,-6617044.630976685,-21233657,0.2290326752801889
193,-1484200.476060793,-21567164,0.020844657028286973
194,5197095.406833684,-21904145,0.5830889703657343
195,7234120.35223544,-22244618,0.7939499602884647
196,2578613.5223873463,-22588601,0.39191595358389375
197,-4629669.873530899,-22936112,0.5651261004221941
198,-7737774.310961949,-23287169,0.5219488895831145
199,-3716693.1184586994,-23641790,0.5530998625668011
200,3897501.400056047,-23999993,0.20748102023430048
201,8105033.4904775955,-24361796,0.13247540205631814
202,4874109.853385149,-24727217,0.45992609792899675
203,-3003794.1261881753,-25096274,0.26767067273918976
204,-8314443.189588061,-25468985,0.4900884126565437
205,-6023947.449894752,-25845368,0.30864089473884004
206,1956159.0527555598,-26225441,0.8535734449359803
207,8346751.974636897,-26609222,0.7879302991535786
208,7137199.623662441,-26996729,0.2949860436888123
209,-766767.5463665802,-27387980,0.12953620458082205
210,-8185589.279141945,-27782993,0.17166068654146094
211,-8183359.527872265,-28181786,0.9950600228796359
212,-547604.6775877051,-28584377,0.30922479773349487
213,7818116.932635071,-28990784,0.11950539835237894
214,9131092.36351781,-29401025,0.5755451527895553
215,1965651.8116828105,-29815118,0.9742034614111444
216,-7235635.408781247,-30233081,0.7383634874723093
217,-9948978.891094215,-30654932,0.2896191303511032
218,-3461736.5392354415,-31080689,0.36526779641539975
219,6434125.583092072,-31510370,0.714980439686766
220,10606314.899442092,-31943993,0.4619635289808388
221,5006216.079033792,-32381576,0.8617720620959701
222,-5414707.309146551,-32823137,0.9625893522476757
223,-11073949.254023751,-33268694,0.4736283800800264
224,-6565895.621624051,-33718265,0.7258787090747982
225,4183997.1730523235,-34171868,0.9517326876787015
226,11325141.038674882,-34629521,0.5799944214819427
227,8104605.697050932,-35091242,0.9821560463314247
228,-2754349.369124723,-35557049,0.8578332973200156
229,-11336414.59584154,-36026960,0.7423261393318997
230,-9583896.52199542,-36500993,0.7685315615625204
231,1143965.7413421692,-36979166,0.27939005533767924
232,11088390.027370026,-37461497,0.212265477318205
233,10963838.867884876,-37948004,0.12790434758572378
234,623136.3735897596,-38438705,0.7347231324432852
235,-10566565.99876976,-38933618,0.31854831090316227
236,-12203917.563281413,-39432761,0.9585669545139907
237,-2517306.827859208,-39936152,0.4529832771230985
238,9762031.54108595,-40443809,0.43270051034824863
239,13264000.488616668,-40955750,0.8963906501896374
240,4503600.767717887,-41471993,0.3614543866688713
241,-8672083.999797607,-41992556,0.9482276555926825
242,-14105362.934077904,-42517457,0.26558027014753993
243,-6542273.314187479,-43046714,0.8112271299040645
244,7300731.358855557,-43580345,0.5485958620919781
245,14691744.564604284,-44118368,0.7128498964919441
246,8589427.986871282,-44660801,0.019873734524917253
247,-5659058.873964391,-45207662,0.023933830516141508
248,-14990414.056917764,-45758969,0.7332529131044448
249,-10597811.908545831,-46314740,0.04439352494667448
250,3765442.2700821664,-46874993,0.4897139886366568
251,14973214.822116543,-47439746,0.5293737265272078
252,12517746.653103046,-48009017,0.23941331445546676
253,-1645592.6647792473,-48582824,0.8925334460950822
254,-14617564.173433654,-49161185,0.9148727795109318
255,-14298179.485300114,-49744118,0.6909284088038097
256,-667578.174169178,-50331641,0.980059008809055
257,13907377.899885712,-50923772,0.00012201706599457296
258,15887835.797280384,-51520529,0.9666701315504772
259,3134279.703704147,-52121930,0.8206087747436125
260,-12833892.50599173,-52727993,0.8054360866403109
261,-17236449.884310644,-53338736,0.4497515755938971
262,-5708354.753851626,-53954177,0.9618911547678928
263,11396358.402773527,-54574334,0.7838453264556716
264,18296047.92889403,-55199225,0.42062657975439177
265,8337980.454890903,-55828868,0.4385219448560912
266,-9602579.095659068,-56463281,0.3274852469531687
267,-19022254.28162957,-57102482,0.7104478268263755
268,-10966551.606699279,-57746489,0.7667562319254408
269,7469273.902047008,-58395320,0.9826209599650902
270,19375589.934299592,-59048993,0.21326681834741845
271,13533735.218732392,-59707526,0.040349839991268954
272,-5022244.917476516,-60370937,0.24805973543755921
273,-19322730.560417935,-61039244,0.13649755008308828
274,-15976680.042291041,-61712465,0.5612576615402786
275,2296332.7877670527,-62390618,0.11050690206471037
276,18837690.722324442,-63073721,0.5597690099198424
277,18231360.16390302,-63761792,0.3487861630360809
278,664849.7304255882,-64454849,0.8221743806115072
279,-17902900.867643807,-65152910,0.9456261695635201
280,-20234027.25751074,-65855993,0.49440196329184427
281,-3809412.509909742,-66564116,0.9335766422899259
282,16510144.599550784,-67277297,0.920518375176487
283,21922742.03004938,-67995554,0.5766268988506893
284,7077911.851895894,-68718905,0.806342651066021
285,-14661325.423322719,-69447368,0.2992543351103407
286,-23238951.86165742,-70180961,0.8627791903126493
287,-10404298.481329968,-70919702,0.3758621103241805
288,12369034.74385528,-71663609,0.17282581481864556
289,24129078.752022006,-72412700,0.7533587162798244
290,13717079.094914116,-73166993,0.8170060591002184
291,-9656896.29131127,-73926506,0.9660754416442472
292,-24546079.540968373,-74691257,0.3454600519518617
293,-16940675.012014482,-75461264,0.1482872849979917
294,6559666.339103181,-76236545,0.2776313472748375
295,24450939.06294938,-77017118,0.6607985328262401
296,19996955.791440684,-77803001,0.44319489429657677
297,-3123073.9825486713,-78594212,0.05490713361353183
298,-23814056.493208278,-79390769,0.9857661970816612
299,-22806920.25561812,-80192690,0.8897375093782344
300,-596608.7205244665,-80999993,0.5822886245246143
301,22616485.70024183,-81812696,0.8723264384020333
302,25292492.354665536,-82630817,0.042272579549860856
303,4533270.892053047,-83454374,0.6755409344878075
304,-20850991.965378802,-84283385,0.6595807549795559
305,-27378394.849202387,-85117868,0.6947275720028011
306,-8611938.954363288,-85957841,0.8552808194863543
307,18522889.973183848,-86803322,0.9142041724930465
308,28994060.02765253,-87654329,0.1549342495918027
309,12750015.720534714,-88510880,0.30552586055328323
310,-15650631.499017429,-89372993,0.1440026119909067
311,-30075533.725467183,-90240686,0.5753805841278782
312,-16858766.640210416,-91113977,0.861930377689999
313,12266115.680514703,-91992884,0.9305294015215326
314,30567326.8893832,-92877425,0.4605354352873886
315,20845030.641491137,-93767618,0.9067093221843004
316,-8414700.091172602,-94663481,0.9701836256737624
317,-30424167.920823753,-95565032,0.9327561446076524
318,-24613126.492755454,-96472289,0.03231938464240469
319,4154896.9455719343,-97385270,0.28397959469354306
320,29612609.10905308,-98303993,0.8240360282184332
321,28066919.488927126,-99228476,0.44072232034617165
322,442254.4570685164,-100158737,0.2687577277636448
323,-28112441.67331128,-101094794,0.6398866458549611
324,-31112007.711497836,-102036665,0.5358162093638862
325,-5294140.636501221,-102984368,0.818041345687075
326,25917876.29476552,-103937921,0.19062980461124757
327,33657982.280387096,-104897342,0.5658783894553215
328,10307846.083109366,-105862649,0.16628291375137316
329,-23038449.527358197,-106833860,0.6273897896299371
330,-35620712.057416864,-107810993,0.18373336392252193
331,-15381730.66655038,-108794066,0.7863210760675121
332,19499621.096975338,-109783097,0.6191542772444284
333,36924600.30971682,-110778104,0.801019248202353
334,20407290.39257423,-111779105,0.4890707938541312
335,-15343032.767819751,-112786118,0.21605252211619852
336,-37504759.01180353,-113799161,0.24310950627657635
337,-25271271.845379822,-114818252,0.723122511256174
338,10626406.08244176,-115843409,0.4990318523942583
339,37309045.85002379,-116874650,0.9110920950944286
340,29858003.256523963,-117911993,0.8873890829339721
341,-5423063.749629317,-118955456,0.7304169300048095
342,-36299909.659607396,-120005057,0.5407651264513854
343,-34051898.29540078,-121060814,0.3445472862159692
344,-178932.38074642626,-122122745,0.8683391051044652
345,34455992.011663094,-123190868,0.31979276753580366
346,37740082.56815039,-124265201,0.8088478560379712
347,6078025.120447734,-125345762,0.8849780907709824
348,-31773435.983802468,-126432569,0.08952322722649464
349,-40815087.61889123,-127525640,0.24489378205161916
350,-12160776.844935387,-128624993,0.6048979043908678
351,28266857.77084447,-129730646,0.6844433161815312
352,43177553.11196072,-130842617,0.41799080983013315
353,18303835.628418498,-131960924,0.4135332288736048
354,-23969942.666158956,-133085585,0.7984259816015662
355,-44738874.979673296,-134216618,0.6846389313416719
356,-24376223.624431636,-135354041,0.4597462388349377
357,18935633.982423782,-136497872,0.3923862689482833
358,45423735.76678554,-137648129,0.04854502802293237
359,30241909.8698073,-138804830,0.048280421189681566
360,-13235891.564395418,-139967993,0.5900871646292698
361,-45172453.28298901,-141137636,0.26765373367996315
362,-35762621.362908736,-142313777,0.4551991711972764
363,6961005.5276018595,-143496434,0.10780104531755663
364,43943085.05045601,-144685625,0.7730719230038368
365,40800838.66557695,-145881368,0.881035514591954
366,-218460.5603345973,-147083681,0.8917516918264583
367,-41713228.93375581,-148292582,0.9472724474688243
368,-45222915.611684196,-149508089,0.2984357024553952
369,-6868643.647419259,-150730220,0.3286926480816048
370,38481464.758313276,-151958993,0.7027447472813528
371,48902257.168755904,-153194426,0.8326600080500748
372,14163599.7549506,-154436537,0.9395097948634106
373,-34268387.61876506,-155685344,0.0849869006874262
374,-51722485.268961616,-156940865,0.7072694035927777
375,-21518501.21105701,-158203118,0.12165609091412743
376,29117190.87129726,-159472121,0.9958987385373604
377,53580519.6539796,-160747892,0.7426521926922188
378,28777014.67337398,-162030449,0.8314377782008038
379,-23093765.379505843,-163319810,0.20249048005439418
380,-54389499.58837078,-164615993,0.7066300377273284
381,-35777469.30640567,-165919016,0.24882706302827262
382,16286291.29204829,-167228897,0.5420913361349629
383,54081472.77920417,-168545654,0.6022942083760011
384,42356206.54763767,-169869305,0.31634693087720567
385,-8804309.29051351,-171199868,0.18885924354373607
386,-52609780.05095336,-172537361,0.85142320158983
387,-48351125.54530569,-173881802,0.7493756603940476
388,777269.6464205066,-175233209,0.4241435501093713
389,49951068.28085833,-176591600,0.5483485169825636
390,53605352.24195041,-177956993,0.49059395561606134
391,7647430.669399394,-179329406,0.04142385643208224
392,-46106869.77749306,-180708857,0.6115860563689951
393,-57970954.21844703,-182095364,0.4857229946692031
394,-16306900.4307518,-183488945,0.5419812810963273
395,41104693.61950846,-184889618,0.9764169986450276
396,61312619.11338806,-186297401,0.8591128409157638
397,25025661.63394817,-187712312,0.9536597395063193
398,-34998583.35662504,-189134369,0.14445949994726404
399,-63511211.85282966,-190563590,0.017553133784809938
400,-33618965.6731223,-191999993,0.6652610052360655
401,27869105.765008423,-193443596,0.13329609944856236
402,64467125.19167079,-194894417,0.3328343171163196
403,41896460.65299802,-196352474,0.9270821235975691
404,-19822746.860123035,-197817785,0.334463624654722
405,-64103339.268210456,-199290368,0.8910128795993763
406,-49666141.93134082,-200770241,0.5606409999531516
407,10990703.88279328,-202257422,0.7031753857368059
408,62368109.05390702,-203751929,0.7167293301822693
409,56738508.78356898,-205253780,0.016660258863026134
410,-1527075.237968588,-206762993,0.5978890105319011
411,-59237203.742975995,-208279586,0.24593458906876708
412,-62930842.28586,-209803577,0.4987756059449404
413,-8393535.896521578,-211334984,0.3690448557606002
414,54715629.227282815,-212873825,0.7168745027762862
415,68071513.35297762,-214420118,0.33813405016565945
416,18578974.660288345,-215973881,0.08415611590772076
417,-48838773.75065252,-217535132,0.38547744786041127
418,-72004225.54596856,-219103889,0.681984037074942
419,-28823000.892361555,-220680170,0.27234961428831905
420,41672927.4969071,-222263993,0.22983074826807115
421,74592094.95070271,-223855376,0.2928626712750724
422,38909212.07922395,-225454337,0.9886408071761034
423,-33315139.056944378,-227060894,0.40831587015438464
424,-75721469.24856772,-228675065,0.43317760451273923
425,-48615353.60550391,-230296868,0.818171110520031
426,23892385.21954209,-231926321,0.38499406485008514
427,75305390.13850348,-233563442,0.9760333203303903
428,57717935.602138475,-235208249,0.5277209409889801
429,-13560045.077833058,-236860760,0.37463413528816625
430,-73286607.55995315,-238520993,0.7847451258287534
431,-65997065.64266675,-240188966,0.5777394094955179
432,2499684.7447685874,-241864697,0.6161079299741516
433,69640060.693703,-243548204,0.968057638904806
434,73241398.17201337,-245239505,0.8560557285838981
435,9083825.29508957,-246938618,0.9485897187694782
436,-64374749.41462196,-248645561,0.8797620264271708
437,-79253095.11527634,-250360352,0.6229095877204615
438,-20965822.346090917,-252083009,0.623959326089747
439,57534930.61757094,-253813550,0.37926056143082354
440,83852687.82288098,-255551993,0.6776769757962348
441,32905939.76565744,-257298356,0.5621019711750995
442,-49200586.4647455,-259052657,0.14304589806641543
443,-86883728.53771172,-260814914,0.7947397165429815
444,-44652702.995803565,-262585145,0.7340951960371532
445,39487125.89008983,-264363368,0.08303896323949855
446,88217120.04726416,-266149601,0.14260795022523542
447,55948551.08903843,-267943862,0.2638092142057539
448,-28544296.379353415,-269746169,0.39068473044687846
449,-87755015.18582313,-271556540,0.03776451771842837
450,-66535188.86094859,-273374993,0.5730869487750856
451,16554299.817118868,-275201546,0.49337775931237715
452,85434183.39963278,-277036217,0.5407762327823278
453,76159163.8815441,-278879024,0.779840732857844
454,-3729123.713697259,-280729985,0.08330934809606416
455,-81228749.6462562,-282589118,0.7743384808849257
456,-84577553.57755725,-284456441,0.11517425389605018
457,-9692882.97448959,-286331972,0.3301375700601247
458,75152221.37383734,-288215729,0.5711448527759195
459,91563641.02952777,-290107730,0.6496537021821136
460,23451142.328351647,-292007993,0.2159869897566058
461,-67258732.06476156,-293916536,0.78910333477343
462,-96912453.83999383,-295833377,0.07899467864365017
463,-37267623.67703251,-297758534,0.5542110126662707
464,57643444.62278982,-299692025,0.933917006941842
465,100446038.90323895,-301633868,0.14194814842446435
466,50852182.30951851,-303584081,0.7188433762387827
467,-46442074.47109334,-305542682,0.33246020831190337
468,-102018347.14942673,-307509689,0.513795640029966
469,-63908364.036021546,-309485120,0.8055976764223142
470,33829510.29939143,-311468993,0.6145064289973315
471,101519606.43437827,-313461326,0.8206494489997482
472,76139565.13884152,-315462137,0.8229376471098256
473,-20017529.59640277,-317471444,0.5698985220921254
474,-98880067.70624235,-319489265,0.5026795043914418
475,-87255425.42291394,-321515618,0.17993716676842242
476,5251626.036670612,-323550521,0.20996550664694158
477,94073019.34303501,-325593992,0.39011248835882506
478,96978322.55903974,-327646049,0.794530704256696
479,10193013.963363845,-329706710,0.42538923002579776
480,-87116976.99654034,-331775993,0.41774002100475616
481,-105049828.9991378,-333853916,0.4109147362496093
482,-26016328.089152183,-335940497,0.3939171743914759
483,78076971.21006952,-338035754,0.5765059917131629
484,111236988.67494464,-340139705,0.438455123018061
485,41898911.40888585,-342252368,0.14376938758252322
486,-67064872.24962279,-344373761,0.4162767718976318
487,-115338269.65551318,-346503902,0.5916446991130452
488,-57508170.63669546,-348642809,0.12681194431011278
489,54238710.69119977,-350790500,0.901036528306226
490,117189051.05867606,-352946993,0.9491683864866379
491,72504986.9189547,-355112306,0.6463673573744556
492,-39800972.97915473,-357286457,0.38765366848903404
493,-116666507.84458493,-359469464,0.116629402574154
494,-86550759.59562813,-361661345,0.17852315490733273
495,23995873.002571438,-363862118,0.8739229686272604
496,113693765.65259403,-366071801,0.4647082721822712
497,99314690.61470874,-368290412,0.8312064672763684
498,-7105623.280551765,-370517969,0.41668310542406883
499,-108243209.4911397,-372754490,0.4770419997142684
