,x1,x2
316,-8414700.091172602,-94663481
317,-30424167.920823753,-95565032
318,-24613126.492755454,-96472289
323,-28112441.67331128,-101094794
324,-31112007.711497836,-102036665
325,-5294140.636501221,-102984368
329,-23038449.527358197,-106833860
330,-35620712.057416864,-107810993
331,-15381730.66655038,-108794066
335,-15343032.767819751,-112786118
336,-37504759.01180353,-113799161
337,-25271271.845379822,-114818252
341,-5423063.749629317,-118955456
342,-36299909.659607396,-120005057
343,-34051898.29540078,-121060814
344,-178932.38074642626,-122122745
348,-31773435.983802468,-126432569
349,-40815087.61889123,-127525640
350,-12160776.844935387,-128624993
354,-23969942.666158956,-133085585
355,-44738874.979673296,-134216618
356,-24376223.624431636,-135354041
360,-13235891.564395418,-139967993
361,-45172453.28298901,-141137636
362,-35762621.362908736,-142313777
366,-218460.5603345973,-147083681
367,-41713228.93375581,-148292582
368,-45222915.611684196,-149508089
369,-6868643.647419259,-150730220
373,-34268387.61876506,-155685344
374,-51722485.268961616,-156940865
375,-21518501.21105701,-158203118
379,-23093765.379505843,-163319810
380,-54389499.58837078,-164615993
381,-35777469.30640567,-165919016
385,-8804309.29051351,-171199868
386,-52609780.05095336,-172537361
387,-48351125.54530569,-173881802
392,-46106869.77749306,-180708857
393,-57970954.21844703,-182095364
394,-16306900.4307518,-183488945
398,-34998583.35662504,-189134369
399,-63511211.85282966,-190563590
400,-33618965.6731223,-191999993
404,-19822746.860123035,-197817785
405,-64103339.268210456,-199290368
406,-49666141.93134082,-200770241
410,-1527075.237968588,-206762993
411,-59237203.742975995,-208279586
412,-62930842.28586,-209803577
413,-8393535.896521578,-211334984
417,-48838773.75065252,-217535132
418,-72004225.54596856,-219103889
419,-28823000.892361555,-220680170
423,-33315139.056944378,-227060894
424,-75721469.24856772,-228675065
425,-48615353.60550391,-230296868
429,-13560045.077833058,-236860760
430,-73286607.55995315,-238520993
431,-65997065.64266675,-240188966
436,-64374749.41462196,-248645561
437,-79253095.11527634,-250360352
438,-20965822.346090917,-252083009
442,-49200586.4647455,-259052657
443,-86883728.53771172,-260814914
444,-44652702.995803565,-262585145
448,-28544296.379353415,-269746169
449,-87755015.18582313,-271556540
450,-66535188.86094859,-273374993
454,-3729123.713697259,-280729985
455,-81228749.6462562,-282589118
456,-84577553.57755725,-284456441
457,-9692882.97448959,-286331972
461,-67258732.06476156,-293916536
462,-96912453.83999383,-295833377
463,-37267623.67703251,-297758534
467,-46442074.47109334,-305542682
468,-102018347.14942673,-307509689
469,-63908364.036021546,-309485120
473,-20017529.59640277,-317471444
474,-98880067.70624235,-319489265
475,-87255425.42291394,-321515618
480,-87116976.99654034,-331775993
481,-105049828.9991378,-333853916
482,-26016328.089152183,-335940497
486,-67064872.24962279,-344373761
487,-115338269.65551318,-346503902
488,-57508170.63669546,-348642809
492,-39800972.97915473,-357286457
493,-116666507.84458493,-359469464
494,-86550759.59562813,-361661345
498,-7105623.280551765,-370517969
499,-108243209.4911397,-372754490
